/*

FIR filter designed with
http://t-filter.appspot.com

sampling frequency: 80000 Hz

fixed point precision: 16 bits

* 0 Hz - 50 Hz
  gain = 0
  desired attenuation = -20 dB
  actual attenuation = n/a

* 300 Hz - 3700 Hz
  gain = 1
  desired ripple = 3 dB
  actual ripple = n/a

* 4100 Hz - 40000 Hz
  gain = 0
  desired attenuation = -40 dB
  actual attenuation = n/a

*/

#define FILTER_TAP_NUM 251

static int filter_taps[FILTER_TAP_NUM] = {
  -377,
  -120,
  -132,
  -138,
  -139,
  -134,
  -125,
  -113,
  -99,
  -86,
  -77,
  -72,
  -76,
  -90,
  -114,
  -149,
  -195,
  -250,
  -311,
  -376,
  -439,
  -497,
  -545,
  -580,
  -597,
  -595,
  -573,
  -530,
  -469,
  -393,
  -306,
  -213,
  -121,
  -35,
  39,
  95,
  131,
  142,
  130,
  96,
  41,
  -28,
  -107,
  -189,
  -267,
  -335,
  -387,
  -420,
  -430,
  -417,
  -383,
  -332,
  -268,
  -197,
  -127,
  -65,
  -18,
  11,
  16,
  -3,
  -46,
  -109,
  -188,
  -276,
  -364,
  -446,
  -512,
  -556,
  -573,
  -560,
  -517,
  -447,
  -355,
  -249,
  -138,
  -31,
  60,
  126,
  161,
  159,
  119,
  41,
  -68,
  -202,
  -348,
  -494,
  -627,
  -734,
  -804,
  -828,
  -801,
  -724,
  -599,
  -435,
  -246,
  -46,
  147,
  313,
  437,
  502,
  499,
  421,
  270,
  51,
  -221,
  -528,
  -844,
  -1142,
  -1394,
  -1572,
  -1648,
  -1603,
  -1422,
  -1099,
  -636,
  -46,
  653,
  1430,
  2252,
  3078,
  3869,
  4583,
  5182,
  5636,
  5918,
  6014,
  5918,
  5636,
  5182,
  4583,
  3869,
  3078,
  2252,
  1430,
  653,
  -46,
  -636,
  -1099,
  -1422,
  -1603,
  -1648,
  -1572,
  -1394,
  -1142,
  -844,
  -528,
  -221,
  51,
  270,
  421,
  499,
  502,
  437,
  313,
  147,
  -46,
  -246,
  -435,
  -599,
  -724,
  -801,
  -828,
  -804,
  -734,
  -627,
  -494,
  -348,
  -202,
  -68,
  41,
  119,
  159,
  161,
  126,
  60,
  -31,
  -138,
  -249,
  -355,
  -447,
  -517,
  -560,
  -573,
  -556,
  -512,
  -446,
  -364,
  -276,
  -188,
  -109,
  -46,
  -3,
  16,
  11,
  -18,
  -65,
  -127,
  -197,
  -268,
  -332,
  -383,
  -417,
  -430,
  -420,
  -387,
  -335,
  -267,
  -189,
  -107,
  -28,
  41,
  96,
  130,
  142,
  131,
  95,
  39,
  -35,
  -121,
  -213,
  -306,
  -393,
  -469,
  -530,
  -573,
  -595,
  -597,
  -580,
  -545,
  -497,
  -439,
  -376,
  -311,
  -250,
  -195,
  -149,
  -114,
  -90,
  -76,
  -72,
  -77,
  -86,
  -99,
  -113,
  -125,
  -134,
  -139,
  -138,
  -132,
  -120,
  -377
};
