  -592.000000000000        218.000000000000        187.000000000000     
   163.000000000000        139.000000000000        112.000000000000     
   80.0000000000000        42.0000000000000       0.000000000000000E+000
  -41.0000000000000       -77.0000000000000       -102.000000000000     
  -112.000000000000       -103.000000000000       -75.0000000000000     
  -31.0000000000000        23.0000000000000        81.0000000000000     
   132.000000000000        169.000000000000        184.000000000000     
   173.000000000000        135.000000000000        75.0000000000000     
  0.000000000000000E+000  -79.0000000000000       -149.000000000000     
  -198.000000000000       -216.000000000000       -197.000000000000     
  -142.000000000000       -55.0000000000000        52.0000000000000     
   164.000000000000        264.000000000000        334.000000000000     
   361.000000000000        338.000000000000        263.000000000000     
   146.000000000000       0.000000000000000E+000  -152.000000000000     
  -287.000000000000       -381.000000000000       -416.000000000000     
  -380.000000000000       -273.000000000000       -104.000000000000     
   104.000000000000        323.000000000000        520.000000000000     
   660.000000000000        718.000000000000        675.000000000000     
   530.000000000000        295.000000000000       0.000000000000000E+000
  -315.000000000000       -601.000000000000       -809.000000000000     
  -896.000000000000       -832.000000000000       -607.000000000000     
  -235.000000000000        249.000000000000        784.000000000000     
   1298.00000000000        1708.00000000000        1933.00000000000     
   1907.00000000000        1581.00000000000        940.000000000000     
  0.000000000000000E+000  -1189.00000000000       -2547.00000000000     
  -3968.00000000000       -5337.00000000000       -6537.00000000000     
  -7459.00000000000       -8025.00000000000       -8182.00000000000     
  -7919.00000000000       -7263.00000000000       -6275.00000000000     
  -5050.00000000000       -3697.00000000000       -2333.00000000000     
  -1069.00000000000       0.000000000000000E+000   806.000000000000     
   1313.00000000000        1519.00000000000        1453.00000000000     
   1168.00000000000        739.000000000000        244.000000000000     
  -239.000000000000       -644.000000000000       -924.000000000000     
  -1053.00000000000       -1030.00000000000       -873.000000000000     
  -618.000000000000       -311.000000000000       0.000000000000000E+000
   270.000000000000        465.000000000000        564.000000000000     
   561.000000000000        468.000000000000        305.000000000000     
   102.000000000000       -106.000000000000       -289.000000000000     
  -422.000000000000       -489.000000000000       -485.000000000000     
  -417.000000000000       -299.000000000000       -152.000000000000     
  0.000000000000000E+000   134.000000000000        233.000000000000     
   284.000000000000        284.000000000000        238.000000000000     
   155.000000000000        51.0000000000000       -56.0000000000000     
  -150.000000000000       -219.000000000000       -254.000000000000     
  -252.000000000000       -216.000000000000       -154.000000000000     
  -78.0000000000000       0.000000000000000E+000   69.0000000000000     
   119.000000000000        145.000000000000        144.000000000000     
   119.000000000000        76.0000000000000        23.0000000000000     
  -32.0000000000000       -80.0000000000000       -114.000000000000     
  -131.000000000000       -130.000000000000       -112.000000000000     
  -81.0000000000000       -42.0000000000000       0.000000000000000E+000
   41.0000000000000        77.0000000000000        109.000000000000     
   138.000000000000        169.000000000000        205.000000000000     
  -580.000000000000     
  -592.000000000000        185.000000000000        78.0000000000000     
  -38.0000000000000       -139.000000000000       -198.000000000000     
  -193.000000000000       -119.000000000000       0.000000000000000E+000
   118.000000000000        187.000000000000        181.000000000000     
   112.000000000000        24.0000000000000       -31.0000000000000     
  -27.0000000000000        23.0000000000000        68.0000000000000     
   55.0000000000000       -40.0000000000000       -184.000000000000     
  -305.000000000000       -327.000000000000       -214.000000000000     
  0.000000000000000E+000   224.000000000000        359.000000000000     
   349.000000000000        216.000000000000        46.0000000000000     
  -59.0000000000000       -46.0000000000000        52.0000000000000     
   139.000000000000        109.000000000000       -78.0000000000000     
  -361.000000000000       -597.000000000000       -636.000000000000     
  -415.000000000000       0.000000000000000E+000   434.000000000000     
   693.000000000000        673.000000000000        416.000000000000     
   89.0000000000000       -113.000000000000       -88.0000000000000     
   104.000000000000        274.000000000000        215.000000000000     
  -155.000000000000       -718.000000000000       -1192.00000000000     
  -1279.00000000000       -841.000000000000       0.000000000000000E+000
   897.000000000000        1452.00000000000        1428.00000000000     
   896.000000000000        195.000000000000       -251.000000000000     
  -199.000000000000        249.000000000000        665.000000000000     
   538.000000000000       -401.000000000000       -1933.00000000000     
  -3366.00000000000       -3817.00000000000       -2677.00000000000     
  0.000000000000000E+000   3386.00000000000        6148.00000000000     
   7005.00000000000        5337.00000000000        1534.00000000000     
  -3090.00000000000       -6803.00000000000       -8182.00000000000     
  -6713.00000000000       -3009.00000000000        1472.00000000000     
   5050.00000000000        6527.00000000000        5631.00000000000     
   3044.00000000000       0.000000000000000E+000  -2295.00000000000     
  -3171.00000000000       -2682.00000000000       -1453.00000000000     
  -274.000000000000        306.000000000000        207.000000000000     
  -239.000000000000       -546.000000000000       -383.000000000000     
   247.000000000000        1030.00000000000        1541.00000000000     
   1492.00000000000        885.000000000000       0.000000000000000E+000
  -769.000000000000       -1122.00000000000       -995.000000000000     
  -561.000000000000       -110.000000000000        126.000000000000     
   87.0000000000000       -106.000000000000       -245.000000000000     
  -175.000000000000        115.000000000000        485.000000000000     
   736.000000000000        721.000000000000        432.000000000000     
  0.000000000000000E+000  -382.000000000000       -562.000000000000     
  -501.000000000000       -284.000000000000       -56.0000000000000     
   64.0000000000000        44.0000000000000       -56.0000000000000     
  -127.000000000000       -91.0000000000000        60.0000000000000     
   252.000000000000        381.000000000000        373.000000000000     
   223.000000000000       0.000000000000000E+000  -196.000000000000     
  -287.000000000000       -255.000000000000       -144.000000000000     
  -28.0000000000000        31.0000000000000        19.0000000000000     
  -32.0000000000000       -68.0000000000000       -47.0000000000000     
   31.0000000000000        130.000000000000        198.000000000000     
   196.000000000000        120.000000000000       0.000000000000000E+000
  -116.000000000000       -186.000000000000       -193.000000000000     
  -138.000000000000       -40.0000000000000        85.0000000000000     
  -492.000000000000     
  -592.000000000000        123.000000000000       -78.0000000000000     
  -192.000000000000       -139.000000000000        39.0000000000000     
   193.000000000000        178.000000000000       0.000000000000000E+000
  -177.000000000000       -187.000000000000       -36.0000000000000     
   112.000000000000        121.000000000000        31.0000000000000     
  -18.0000000000000        23.0000000000000        46.0000000000000     
  -55.0000000000000       -199.000000000000       -184.000000000000     
   61.0000000000000        327.000000000000        320.000000000000     
  0.000000000000000E+000  -336.000000000000       -359.000000000000     
  -69.0000000000000        216.000000000000        233.000000000000     
   59.0000000000000       -31.0000000000000        52.0000000000000     
   93.0000000000000       -109.000000000000       -394.000000000000     
  -361.000000000000        119.000000000000        636.000000000000     
   621.000000000000       0.000000000000000E+000  -649.000000000000     
  -693.000000000000       -134.000000000000        416.000000000000     
   448.000000000000        113.000000000000       -59.0000000000000     
   104.000000000000        183.000000000000       -215.000000000000     
  -779.000000000000       -718.000000000000        237.000000000000     
   1279.00000000000        1259.00000000000       0.000000000000000E+000
  -1343.00000000000       -1452.00000000000       -284.000000000000     
   896.000000000000        981.000000000000        251.000000000000     
  -133.000000000000        249.000000000000        444.000000000000     
  -538.000000000000       -2015.00000000000       -1933.00000000000     
   670.000000000000        3817.00000000000        4007.00000000000     
  0.000000000000000E+000  -5068.00000000000       -6148.00000000000     
  -1393.00000000000        5337.00000000000        7711.00000000000     
   3090.00000000000       -4546.00000000000       -8182.00000000000     
  -4486.00000000000        3009.00000000000        7402.00000000000     
   5050.00000000000       -1298.00000000000       -5631.00000000000     
  -4555.00000000000       0.000000000000000E+000   3435.00000000000     
   3171.00000000000        533.000000000000       -1453.00000000000     
  -1378.00000000000       -306.000000000000        138.000000000000     
  -239.000000000000       -365.000000000000        383.000000000000     
   1243.00000000000        1030.00000000000       -307.000000000000     
  -1492.00000000000       -1325.00000000000       0.000000000000000E+000
   1151.00000000000        1122.00000000000        198.000000000000     
  -561.000000000000       -552.000000000000       -126.000000000000     
   58.0000000000000       -106.000000000000       -164.000000000000     
   175.000000000000        577.000000000000        485.000000000000     
  -146.000000000000       -721.000000000000       -647.000000000000     
  0.000000000000000E+000   572.000000000000        562.000000000000     
   100.000000000000       -284.000000000000       -280.000000000000     
  -64.0000000000000        29.0000000000000       -56.0000000000000     
  -85.0000000000000        91.0000000000000        299.000000000000     
   252.000000000000       -76.0000000000000       -373.000000000000     
  -334.000000000000       0.000000000000000E+000   294.000000000000     
   287.000000000000        51.0000000000000       -144.000000000000     
  -140.000000000000       -31.0000000000000        13.0000000000000     
  -32.0000000000000       -45.0000000000000        47.0000000000000     
   155.000000000000        130.000000000000       -39.0000000000000     
  -196.000000000000       -179.000000000000       0.000000000000000E+000
   174.000000000000        186.000000000000        38.0000000000000     
  -138.000000000000       -199.000000000000       -85.0000000000000     
  -329.000000000000     
  -592.000000000000        43.0000000000000       -187.000000000000     
  -109.000000000000        139.000000000000        168.000000000000     
  -80.0000000000000       -210.000000000000       0.000000000000000E+000
   208.000000000000        77.0000000000000       -153.000000000000     
  -112.000000000000        69.0000000000000        75.0000000000000     
  -6.00000000000000        23.0000000000000        16.0000000000000     
  -132.000000000000       -113.000000000000        184.000000000000     
   259.000000000000       -135.000000000000       -377.000000000000     
  0.000000000000000E+000   396.000000000000        149.000000000000     
  -296.000000000000       -216.000000000000        132.000000000000     
   142.000000000000       -11.0000000000000        52.0000000000000     
   33.0000000000000       -264.000000000000       -223.000000000000     
   361.000000000000        506.000000000000       -263.000000000000     
  -732.000000000000       0.000000000000000E+000   766.000000000000     
   287.000000000000       -571.000000000000       -416.000000000000     
   254.000000000000        273.000000000000       -21.0000000000000     
   104.000000000000        64.0000000000000       -520.000000000000     
  -441.000000000000        718.000000000000        1010.00000000000     
  -530.000000000000       -1485.00000000000       0.000000000000000E+000
   1584.00000000000        601.000000000000       -1211.00000000000     
  -896.000000000000        556.000000000000        607.000000000000     
  -47.0000000000000        249.000000000000        156.000000000000     
  -1298.00000000000       -1141.00000000000        1933.00000000000     
   2853.00000000000       -1581.00000000000       -4726.00000000000     
  0.000000000000000E+000   5978.00000000000        2547.00000000000     
  -5939.00000000000       -5337.00000000000        4368.00000000000     
   7459.00000000000       -1596.00000000000       -8182.00000000000     
  -1575.00000000000        7263.00000000000        4193.00000000000     
  -5050.00000000000       -5533.00000000000        2333.00000000000     
   5373.00000000000       0.000000000000000E+000  -4052.00000000000     
  -1313.00000000000        2274.00000000000        1453.00000000000     
  -781.000000000000       -739.000000000000        48.0000000000000     
  -239.000000000000       -128.000000000000        924.000000000000     
   704.000000000000       -1030.00000000000       -1306.00000000000     
   618.000000000000        1563.00000000000       0.000000000000000E+000
  -1358.00000000000       -465.000000000000        844.000000000000     
   561.000000000000       -313.000000000000       -305.000000000000     
   20.0000000000000       -106.000000000000       -58.0000000000000     
   422.000000000000        327.000000000000       -485.000000000000     
  -624.000000000000        299.000000000000        763.000000000000     
  0.000000000000000E+000  -675.000000000000       -233.000000000000     
   425.000000000000        284.000000000000       -159.000000000000     
  -155.000000000000        10.0000000000000       -56.0000000000000     
  -30.0000000000000        219.000000000000        169.000000000000     
  -252.000000000000       -323.000000000000        154.000000000000     
   394.000000000000       0.000000000000000E+000  -347.000000000000     
  -119.000000000000        216.000000000000        144.000000000000     
  -79.0000000000000       -76.0000000000000        5.00000000000000     
  -32.0000000000000       -16.0000000000000        114.000000000000     
   88.0000000000000       -130.000000000000       -168.000000000000     
   81.0000000000000        212.000000000000       0.000000000000000E+000
  -205.000000000000       -77.0000000000000        164.000000000000     
   138.000000000000       -113.000000000000       -205.000000000000     
  -115.000000000000     
  -592.000000000000       -43.0000000000000       -187.000000000000     
   109.000000000000        139.000000000000       -168.000000000000     
  -80.0000000000000        210.000000000000       0.000000000000000E+000
  -208.000000000000        77.0000000000000        153.000000000000     
  -112.000000000000       -69.0000000000000        75.0000000000000     
   6.00000000000000        23.0000000000000       -16.0000000000000     
  -132.000000000000        113.000000000000        184.000000000000     
  -259.000000000000       -135.000000000000        377.000000000000     
  0.000000000000000E+000  -396.000000000000        149.000000000000     
   296.000000000000       -216.000000000000       -132.000000000000     
   142.000000000000        11.0000000000000        52.0000000000000     
  -33.0000000000000       -264.000000000000        223.000000000000     
   361.000000000000       -506.000000000000       -263.000000000000     
   732.000000000000       0.000000000000000E+000  -766.000000000000     
   287.000000000000        571.000000000000       -416.000000000000     
  -254.000000000000        273.000000000000        21.0000000000000     
   104.000000000000       -64.0000000000000       -520.000000000000     
   441.000000000000        718.000000000000       -1010.00000000000     
  -530.000000000000        1485.00000000000       0.000000000000000E+000
  -1584.00000000000        601.000000000000        1211.00000000000     
  -896.000000000000       -556.000000000000        607.000000000000     
   47.0000000000000        249.000000000000       -156.000000000000     
  -1298.00000000000        1141.00000000000        1933.00000000000     
  -2853.00000000000       -1581.00000000000        4726.00000000000     
  0.000000000000000E+000  -5978.00000000000        2547.00000000000     
   5939.00000000000       -5337.00000000000       -4368.00000000000     
   7459.00000000000        1596.00000000000       -8182.00000000000     
   1575.00000000000        7263.00000000000       -4193.00000000000     
  -5050.00000000000        5533.00000000000        2333.00000000000     
  -5373.00000000000       0.000000000000000E+000   4052.00000000000     
  -1313.00000000000       -2274.00000000000        1453.00000000000     
   781.000000000000       -739.000000000000       -48.0000000000000     
  -239.000000000000        128.000000000000        924.000000000000     
  -704.000000000000       -1030.00000000000        1306.00000000000     
   618.000000000000       -1563.00000000000       0.000000000000000E+000
   1358.00000000000       -465.000000000000       -844.000000000000     
   561.000000000000        313.000000000000       -305.000000000000     
  -20.0000000000000       -106.000000000000        58.0000000000000     
   422.000000000000       -327.000000000000       -485.000000000000     
   624.000000000000        299.000000000000       -763.000000000000     
  0.000000000000000E+000   675.000000000000       -233.000000000000     
  -425.000000000000        284.000000000000        159.000000000000     
  -155.000000000000       -10.0000000000000       -56.0000000000000     
   30.0000000000000        219.000000000000       -169.000000000000     
  -252.000000000000        323.000000000000        154.000000000000     
  -394.000000000000       0.000000000000000E+000   347.000000000000     
  -119.000000000000       -216.000000000000        144.000000000000     
   79.0000000000000       -76.0000000000000       -5.00000000000000     
  -32.0000000000000        16.0000000000000        114.000000000000     
  -88.0000000000000       -130.000000000000        168.000000000000     
   81.0000000000000       -212.000000000000       0.000000000000000E+000
   205.000000000000       -77.0000000000000       -164.000000000000     
   138.000000000000        113.000000000000       -205.000000000000     
   115.000000000000     
  -592.000000000000       -123.000000000000       -78.0000000000000     
   192.000000000000       -139.000000000000       -39.0000000000000     
   193.000000000000       -178.000000000000       0.000000000000000E+000
   177.000000000000       -187.000000000000        36.0000000000000     
   112.000000000000       -121.000000000000        31.0000000000000     
   18.0000000000000        23.0000000000000       -46.0000000000000     
  -55.0000000000000        199.000000000000       -184.000000000000     
  -61.0000000000000        327.000000000000       -320.000000000000     
  0.000000000000000E+000   336.000000000000       -359.000000000000     
   69.0000000000000        216.000000000000       -233.000000000000     
   59.0000000000000        31.0000000000000        52.0000000000000     
  -93.0000000000000       -109.000000000000        394.000000000000     
  -361.000000000000       -119.000000000000        636.000000000000     
  -621.000000000000       0.000000000000000E+000   649.000000000000     
  -693.000000000000        134.000000000000        416.000000000000     
  -448.000000000000        113.000000000000        59.0000000000000     
   104.000000000000       -183.000000000000       -215.000000000000     
   779.000000000000       -718.000000000000       -237.000000000000     
   1279.00000000000       -1259.00000000000       0.000000000000000E+000
   1343.00000000000       -1452.00000000000        284.000000000000     
   896.000000000000       -981.000000000000        251.000000000000     
   133.000000000000        249.000000000000       -444.000000000000     
  -538.000000000000        2015.00000000000       -1933.00000000000     
  -670.000000000000        3817.00000000000       -4007.00000000000     
  0.000000000000000E+000   5068.00000000000       -6148.00000000000     
   1393.00000000000        5337.00000000000       -7711.00000000000     
   3090.00000000000        4546.00000000000       -8182.00000000000     
   4486.00000000000        3009.00000000000       -7402.00000000000     
   5050.00000000000        1298.00000000000       -5631.00000000000     
   4555.00000000000       0.000000000000000E+000  -3435.00000000000     
   3171.00000000000       -533.000000000000       -1453.00000000000     
   1378.00000000000       -306.000000000000       -138.000000000000     
  -239.000000000000        365.000000000000        383.000000000000     
  -1243.00000000000        1030.00000000000        307.000000000000     
  -1492.00000000000        1325.00000000000       0.000000000000000E+000
  -1151.00000000000        1122.00000000000       -198.000000000000     
  -561.000000000000        552.000000000000       -126.000000000000     
  -58.0000000000000       -106.000000000000        164.000000000000     
   175.000000000000       -577.000000000000        485.000000000000     
   146.000000000000       -721.000000000000        647.000000000000     
  0.000000000000000E+000  -572.000000000000        562.000000000000     
  -100.000000000000       -284.000000000000        280.000000000000     
  -64.0000000000000       -29.0000000000000       -56.0000000000000     
   85.0000000000000        91.0000000000000       -299.000000000000     
   252.000000000000        76.0000000000000       -373.000000000000     
   334.000000000000       0.000000000000000E+000  -294.000000000000     
   287.000000000000       -51.0000000000000       -144.000000000000     
   140.000000000000       -31.0000000000000       -13.0000000000000     
  -32.0000000000000        45.0000000000000        47.0000000000000     
  -155.000000000000        130.000000000000        39.0000000000000     
  -196.000000000000        179.000000000000       0.000000000000000E+000
  -174.000000000000        186.000000000000       -38.0000000000000     
  -138.000000000000        199.000000000000       -85.0000000000000     
   329.000000000000     
  -592.000000000000       -185.000000000000        78.0000000000000     
   38.0000000000000       -139.000000000000        198.000000000000     
  -193.000000000000        119.000000000000       0.000000000000000E+000
  -118.000000000000        187.000000000000       -181.000000000000     
   112.000000000000       -24.0000000000000       -31.0000000000000     
   27.0000000000000        23.0000000000000       -68.0000000000000     
   55.0000000000000        40.0000000000000       -184.000000000000     
   305.000000000000       -327.000000000000        214.000000000000     
  0.000000000000000E+000  -224.000000000000        359.000000000000     
  -349.000000000000        216.000000000000       -46.0000000000000     
  -59.0000000000000        46.0000000000000        52.0000000000000     
  -139.000000000000        109.000000000000        78.0000000000000     
  -361.000000000000        597.000000000000       -636.000000000000     
   415.000000000000       0.000000000000000E+000  -434.000000000000     
   693.000000000000       -673.000000000000        416.000000000000     
  -89.0000000000000       -113.000000000000        88.0000000000000     
   104.000000000000       -274.000000000000        215.000000000000     
   155.000000000000       -718.000000000000        1192.00000000000     
  -1279.00000000000        841.000000000000       0.000000000000000E+000
  -897.000000000000        1452.00000000000       -1428.00000000000     
   896.000000000000       -195.000000000000       -251.000000000000     
   199.000000000000        249.000000000000       -665.000000000000     
   538.000000000000        401.000000000000       -1933.00000000000     
   3366.00000000000       -3817.00000000000        2677.00000000000     
  0.000000000000000E+000  -3386.00000000000        6148.00000000000     
  -7005.00000000000        5337.00000000000       -1534.00000000000     
  -3090.00000000000        6803.00000000000       -8182.00000000000     
   6713.00000000000       -3009.00000000000       -1472.00000000000     
   5050.00000000000       -6527.00000000000        5631.00000000000     
  -3044.00000000000       0.000000000000000E+000   2295.00000000000     
  -3171.00000000000        2682.00000000000       -1453.00000000000     
   274.000000000000        306.000000000000       -207.000000000000     
  -239.000000000000        546.000000000000       -383.000000000000     
  -247.000000000000        1030.00000000000       -1541.00000000000     
   1492.00000000000       -885.000000000000       0.000000000000000E+000
   769.000000000000       -1122.00000000000        995.000000000000     
  -561.000000000000        110.000000000000        126.000000000000     
  -87.0000000000000       -106.000000000000        245.000000000000     
  -175.000000000000       -115.000000000000        485.000000000000     
  -736.000000000000        721.000000000000       -432.000000000000     
  0.000000000000000E+000   382.000000000000       -562.000000000000     
   501.000000000000       -284.000000000000        56.0000000000000     
   64.0000000000000       -44.0000000000000       -56.0000000000000     
   127.000000000000       -91.0000000000000       -60.0000000000000     
   252.000000000000       -381.000000000000        373.000000000000     
  -223.000000000000       0.000000000000000E+000   196.000000000000     
  -287.000000000000        255.000000000000       -144.000000000000     
   28.0000000000000        31.0000000000000       -19.0000000000000     
  -32.0000000000000        68.0000000000000       -47.0000000000000     
  -31.0000000000000        130.000000000000       -198.000000000000     
   196.000000000000       -120.000000000000       0.000000000000000E+000
   116.000000000000       -186.000000000000        193.000000000000     
  -138.000000000000        40.0000000000000        85.0000000000000     
   492.000000000000     
  -592.000000000000       -218.000000000000        187.000000000000     
  -163.000000000000        139.000000000000       -112.000000000000     
   80.0000000000000       -42.0000000000000       0.000000000000000E+000
   41.0000000000000       -77.0000000000000        102.000000000000     
  -112.000000000000        103.000000000000       -75.0000000000000     
   31.0000000000000        23.0000000000000       -81.0000000000000     
   132.000000000000       -169.000000000000        184.000000000000     
  -173.000000000000        135.000000000000       -75.0000000000000     
  0.000000000000000E+000   79.0000000000000       -149.000000000000     
   198.000000000000       -216.000000000000        197.000000000000     
  -142.000000000000        55.0000000000000        52.0000000000000     
  -164.000000000000        264.000000000000       -334.000000000000     
   361.000000000000       -338.000000000000        263.000000000000     
  -146.000000000000       0.000000000000000E+000   152.000000000000     
  -287.000000000000        381.000000000000       -416.000000000000     
   380.000000000000       -273.000000000000        104.000000000000     
   104.000000000000       -323.000000000000        520.000000000000     
  -660.000000000000        718.000000000000       -675.000000000000     
   530.000000000000       -295.000000000000       0.000000000000000E+000
   315.000000000000       -601.000000000000        809.000000000000     
  -896.000000000000        832.000000000000       -607.000000000000     
   235.000000000000        249.000000000000       -784.000000000000     
   1298.00000000000       -1708.00000000000        1933.00000000000     
  -1907.00000000000        1581.00000000000       -940.000000000000     
  0.000000000000000E+000   1189.00000000000       -2547.00000000000     
   3968.00000000000       -5337.00000000000        6537.00000000000     
  -7459.00000000000        8025.00000000000       -8182.00000000000     
   7919.00000000000       -7263.00000000000        6275.00000000000     
  -5050.00000000000        3697.00000000000       -2333.00000000000     
   1069.00000000000       0.000000000000000E+000  -806.000000000000     
   1313.00000000000       -1519.00000000000        1453.00000000000     
  -1168.00000000000        739.000000000000       -244.000000000000     
  -239.000000000000        644.000000000000       -924.000000000000     
   1053.00000000000       -1030.00000000000        873.000000000000     
  -618.000000000000        311.000000000000       0.000000000000000E+000
  -270.000000000000        465.000000000000       -564.000000000000     
   561.000000000000       -468.000000000000        305.000000000000     
  -102.000000000000       -106.000000000000        289.000000000000     
  -422.000000000000        489.000000000000       -485.000000000000     
   417.000000000000       -299.000000000000        152.000000000000     
  0.000000000000000E+000  -134.000000000000        233.000000000000     
  -284.000000000000        284.000000000000       -238.000000000000     
   155.000000000000       -51.0000000000000       -56.0000000000000     
   150.000000000000       -219.000000000000        254.000000000000     
  -252.000000000000        216.000000000000       -154.000000000000     
   78.0000000000000       0.000000000000000E+000  -69.0000000000000     
   119.000000000000       -145.000000000000        144.000000000000     
  -119.000000000000        76.0000000000000       -23.0000000000000     
  -32.0000000000000        80.0000000000000       -114.000000000000     
   131.000000000000       -130.000000000000        112.000000000000     
  -81.0000000000000        42.0000000000000       0.000000000000000E+000
  -41.0000000000000        77.0000000000000       -109.000000000000     
   138.000000000000       -169.000000000000        205.000000000000     
   580.000000000000     
