  -2006.0000000000000     
  -295.00000000000000     
  -302.00000000000000     
  -298.00000000000000     
  -282.00000000000000     
  -252.00000000000000     
  -208.00000000000000     
  -150.00000000000000     
  -77.000000000000000     
   11.000000000000000     
   115.00000000000000     
   233.00000000000000     
   365.00000000000000     
   511.00000000000000     
   666.00000000000000     
   836.00000000000000     
   1010.0000000000000     
   1191.0000000000000     
   1377.0000000000000     
   1566.0000000000000     
   1753.0000000000000     
   1936.0000000000000     
   2113.0000000000000     
   2280.0000000000000     
   2437.0000000000000     
   2580.0000000000000     
   2707.0000000000000     
   2816.0000000000000     
   2905.0000000000000     
   2974.0000000000000     
   3020.0000000000000     
   3043.0000000000000     
   3043.0000000000000     
   3020.0000000000000     
   2974.0000000000000     
   2905.0000000000000     
   2816.0000000000000     
   2707.0000000000000     
   2580.0000000000000     
   2437.0000000000000     
   2280.0000000000000     
   2113.0000000000000     
   1936.0000000000000     
   1753.0000000000000     
   1566.0000000000000     
   1377.0000000000000     
   1191.0000000000000     
   1010.0000000000000     
   836.00000000000000     
   666.00000000000000     
   511.00000000000000     
   365.00000000000000     
   233.00000000000000     
   115.00000000000000     
   11.000000000000000     
  -77.000000000000000     
  -150.00000000000000     
  -208.00000000000000     
  -252.00000000000000     
  -282.00000000000000     
  -298.00000000000000     
  -302.00000000000000     
  -295.00000000000000     
  -2006.0000000000000     
