  -114.00000000000000     
  -151.00000000000000     
  -185.00000000000000     
  -210.00000000000000     
  -221.00000000000000     
  -215.00000000000000     
  -190.00000000000000     
  -148.00000000000000     
  -95.000000000000000     
  -41.000000000000000     
  -0.0000000000000000     
   11.000000000000000     
  -25.000000000000000     
  -125.00000000000000     
  -303.00000000000000     
  -564.00000000000000     
  -910.00000000000000     
  -1329.0000000000000     
  -1801.0000000000000     
  -2299.0000000000000     
  -2784.0000000000000     
  -3215.0000000000000     
  -3548.0000000000000     
  -3743.0000000000000     
  -3766.0000000000000     
  -3593.0000000000000     
  -3216.0000000000000     
  -2639.0000000000000     
  -1884.0000000000000     
  -988.00000000000000     
  -0.0000000000000000     
   1024.0000000000000     
   2022.0000000000000     
   2936.0000000000000     
   3713.0000000000000     
   4311.0000000000000     
   4702.0000000000000     
   4874.0000000000000     
   4833.0000000000000     
   4597.0000000000000     
   4201.0000000000000     
   3684.0000000000000     
   3095.0000000000000     
   2480.0000000000000     
   1883.0000000000000     
   1339.0000000000000     
   876.00000000000000     
   510.00000000000000     
   247.00000000000000     
   81.000000000000000     
   0.0000000000000000     
  -13.000000000000000     
   22.000000000000000     
   83.000000000000000     
   153.00000000000000     
   217.00000000000000     
   263.00000000000000     
   288.00000000000000     
   289.00000000000000     
   270.00000000000000     
   235.00000000000000     
   192.00000000000000     
   145.00000000000000     
   102.00000000000000     
