  -3.0000000000000000,     
  -10.000000000000000,     
  -18.000000000000000,     
  -28.000000000000000,     
  -38.000000000000000,     
  -49.000000000000000,     
  -59.000000000000000,     
  -69.000000000000000,     
  -76.000000000000000,     
  -82.000000000000000,     
  -84.000000000000000,     
  -82.000000000000000,     
  -75.000000000000000,     
  -64.000000000000000,     
  -48.000000000000000,     
  -26.000000000000000,     
  -0.0000000000000000,     
   30.000000000000000,     
   63.000000000000000,     
   98.000000000000000,     
   134.00000000000000,     
   168.00000000000000,     
   198.00000000000000,     
   223.00000000000000,     
   241.00000000000000,     
   250.00000000000000,     
   247.00000000000000,     
   233.00000000000000,     
   205.00000000000000,     
   163.00000000000000,     
   107.00000000000000,     
   39.000000000000000,     
  -41.000000000000000,     
  -131.00000000000000,     
  -228.00000000000000,     
  -328.00000000000000,     
  -428.00000000000000,     
  -522.00000000000000,     
  -607.00000000000000,     
  -678.00000000000000,     
  -729.00000000000000,     
  -756.00000000000000,     
  -755.00000000000000,     
  -721.00000000000000,     
  -653.00000000000000,     
  -547.00000000000000,     
  -403.00000000000000,     
  -220.00000000000000,     
  -0.0000000000000000,     
   255.00000000000000,     
   541.00000000000000,     
   853.00000000000000,     
   1185.0000000000000,     
   1532.0000000000000,     
   1885.0000000000000,     
   2237.0000000000000,     
   2579.0000000000000,     
   2903.0000000000000,     
   3201.0000000000000,     
   3466.0000000000000,     
   3691.0000000000000,     
   3870.0000000000000,     
   3999.0000000000000,     
   4074.0000000000000,     
   4094.0000000000000,    
   4058.0000000000000,     
   3966.0000000000000,     
   3823.0000000000000,     
   3631.0000000000000,     
   3395.0000000000000,     
   3122.0000000000000,     
   2819.0000000000000,     
   2493.0000000000000,     
   2153.0000000000000,     
   1806.0000000000000,     
   1460.0000000000000,     
   1124.0000000000000,     
   804.00000000000000,     
   507.00000000000000,     
   237.00000000000000,     
   0.0000000000000000,     
  -202.00000000000000,     
  -368.00000000000000,     
  -495.00000000000000,     
  -586.00000000000000,     
  -641.00000000000000,     
  -662.00000000000000,     
  -654.00000000000000,     
  -620.00000000000000,     
  -565.00000000000000,     
  -492.00000000000000,     
  -408.00000000000000,     
  -317.00000000000000,     
  -222.00000000000000,     
  -129.00000000000000,     
  -41.000000000000000,     
   39.000000000000000,    
   109.00000000000000,     
   167.00000000000000,     
   212.00000000000000,     
   244.00000000000000,     
   263.00000000000000,     
   269.00000000000000,     
   264.00000000000000,     
   249.00000000000000,     
   226.00000000000000,     
   197.00000000000000,     
   165.00000000000000,     
   130.00000000000000,     
   94.000000000000000,     
   60.000000000000000,     
   28.000000000000000,     
   0.0000000000000000,     
  -24.000000000000000,     
  -43.000000000000000,     
  -57.000000000000000,     
  -66.000000000000000,     
  -71.000000000000000,     
  -72.000000000000000,     
  -69.000000000000000,     
  -63.000000000000000,     
  -55.000000000000000,     
  -46.000000000000000,     
  -36.000000000000000,     
  -27.000000000000000,     
  -18.000000000000000,     
  -10.000000000000000,     
  -3.0000000000000000     
