   6.0000000000000000     
   22.000000000000000     
   46.000000000000000     
   78.000000000000000     
   117.00000000000000     
   162.00000000000000     
   210.00000000000000     
   260.00000000000000     
   307.00000000000000     
   347.00000000000000     
   375.00000000000000     
   386.00000000000000     
   374.00000000000000     
   333.00000000000000     
   260.00000000000000     
   150.00000000000000     
   0.0000000000000000     
  -190.00000000000000     
  -420.00000000000000     
  -689.00000000000000     
  -990.00000000000000     
  -1320.0000000000000     
  -1670.0000000000000     
  -2031.0000000000000     
  -2392.0000000000000     
  -2744.0000000000000     
  -3075.0000000000000     
  -3374.0000000000000     
  -3632.0000000000000     
  -3838.0000000000000     
  -3987.0000000000000     
  -4073.0000000000000     
  -4093.0000000000000     
  -4046.0000000000000     
  -3934.0000000000000     
  -3762.0000000000000     
  -3535.0000000000000     
  -3262.0000000000000     
  -2952.0000000000000     
  -2615.0000000000000     
  -2263.0000000000000     
  -1907.0000000000000     
  -1556.0000000000000     
  -1220.0000000000000     
  -908.00000000000000     
  -626.00000000000000     
  -378.00000000000000     
  -169.00000000000000     
  -0.0000000000000000     
   130.00000000000000     
   224.00000000000000     
   283.00000000000000     
   313.00000000000000     
   319.00000000000000     
   304.00000000000000     
   276.00000000000000     
   238.00000000000000     
   196.00000000000000     
   152.00000000000000     
   112.00000000000000     
   75.000000000000000     
   45.000000000000000     
   22.000000000000000     
   6.0000000000000000     
